date,tick,close,price_action_probability,reversal_probability,volitility_probability,sentiment_strength,Liquidity_rating,Debt_rating,Productivity_rating,Growth_rating,Market_rating
2021-04-23 00:00:00,RELIANCE,1904.35,54.8,54.47,57.56,43.26,3.54,8.14,4.18,5.87,4.86
2021-04-23 00:00:00,TCS,3109.5,30.16,62.55,40.28,39.79,4.13,8.74,4.65,7.2,4.02
2021-04-23 00:00:00,HDFCBANK,1414.15,57.67,49.97,55.11,51.47,4.47,4.55,4.08,5.77,4.07
2021-04-23 00:00:00,INFY,1333.8,93.17,64.79,56.79,41.02,4.62,8.76,4.57,6.72,4.14
2021-04-23 00:00:00,HINDUNILVR,2307.75,59.2,64.56,37.19,26.45,3.81,8.81,5.66,9,7.62
2021-04-23 00:00:00,HDFC,2497.35,56.17,52.3,56.96,50.23,3.62,6.47,4.07,5.78,4.28
2021-04-23 00:00:00,ICICIBANK,569.95,54.05,42.58,56.6,57.06,4.72,4.58,1.8,2.62,3.97
2021-04-23 00:00:00,KOTAKBANK,1734.2,58.04,52.04,56.88,46.91,6.33,5.58,4,5.61,4.23
2021-04-23 00:00:00,SBIN,336.45,49.54,42.46,56.94,46.78,5.06,2.47,4.04,5.49,4
2021-04-23 00:00:00,BHARTIARTL,522.6,54.77,57.92,56.15,37.31,3.42,6.72,4.49,5.94,3.69
2021-04-23 00:00:00,BAJFINANCE,4667.8,55.6,48.1,56.37,49.79,4.16,5.74,4.09,5.79,4.91
2021-04-23 00:00:00,WIPRO,475.7,65.5,47.36,56.53,51.82,4.4,8.6,4.44,6.39,4.03
2021-04-23 00:00:00,HCLTECH,955.65,86.43,63.47,48.17,37.01,4.41,8.71,4.49,6.33,4.28
2021-04-23 00:00:00,ITC,205.35,37.69,48.15,56.63,42.62,4.34,6.94,4.19,6.55,4.02
2021-04-23 00:00:00,ASIANPAINT,2517.95,54.18,57.37,50.88,39.17,3.84,8.74,4.64,6.7,4.5
2021-04-23 00:00:00,AXISBANK,671.35,43.88,39.36,52.33,57.95,5.7,3.85,4,5.32,4.33
2021-04-23 00:00:00,MARUTI,6676.1,44.6,46.53,57.04,49.58,3.43,8.85,4.22,5.48,4.16
2021-04-23 00:00:00,LT,1322.9,57.88,59.76,56.65,44.11,3.76,7,4.2,5.83,4.17
2021-04-23 00:00:00,DMART,2713.7,58.59,63.06,30.58,45.42,3.75,8.87,4.64,6.02,5.63
2021-04-23 00:00:00,ULTRACEMCO,6067.9,67.81,56.96,29.82,47.11,4.97,8.09,4.4,6.26,4.33
2021-04-23 00:00:00,ADANIGREEN,1052.4,49.52,51.51,57.88,41.96,3.77,3.96,4.14,5.53,9
2021-04-23 00:00:00,NESTLEIND,16625.7,63.75,62.74,42.7,35.47,3.91,8.83,6.06,8.6,3.91
2021-04-23 00:00:00,BAJAJFV,9916.65,52.49,40.57,53.39,62.34,3.24,6.5,4.16,5.69,4.52
2021-04-23 00:00:00,JSWSTEEL,635.4,56.01,34.11,53.95,61.79,3.4,7.42,4.19,5.75,4.27
2021-04-23 00:00:00,SUNPHARMA,637.95,51.48,53.35,56.91,52.63,3.91,8.72,4.3,5.84,4.25
2021-04-23 00:00:00,ADANIPOWER,87.8,49.04,57.96,56.52,42.08,5.05,7.27,4.09,5.88,4.27
2021-04-23 00:00:00,HDFCLIFE,686.35,56.96,54.58,55.56,48.82,3.46,8.88,5.44,5.61,4.81
2021-04-23 00:00:00,TITAN,1461.45,61.22,67.84,35.27,37.14,3.53,8.05,4.53,6.19,4.79
2021-04-23 00:00:00,ONGC,102.4,58.26,57.28,57.03,45.7,3.22,8.15,4.1,5.43,4.47
2021-04-23 00:00:00,ADANIENT,1157.6,55.99,43.88,56.92,53.89,3.55,7.69,4.64,5.86,4.71
2021-04-23 00:00:00,ATGL,1154.5,68.16,48.49,56.53,56.51,3.26,8.46,4.52,7.16,4.84
2021-04-23 00:00:00,HINDZINC,299.55,49.6,44.11,55.39,52.66,5.15,8.18,4.19,6.21,3.96
2021-04-23 00:00:00,ADANITR,1065.45,49.97,41.46,51.08,66.36,3.79,6.35,4.17,5.78,5.11
2021-04-23 00:00:00,TATASTEEL,925.6,54.01,41.58,49.79,63.78,3.49,7.05,4.13,5.27,2.96
2021-04-23 00:00:00,POWERGRID,211.15,37.8,42.06,54.45,59.28,3.64,6.95,4.2,5.96,4.08
2021-04-23 00:00:00,BAJAJ-AUTO,3672.5,50.81,39.48,57.67,58.73,4.75,8.9,4.38,6.53,4.07
2021-04-23 00:00:00,TATAMOTORS,294,62,62.96,56.95,42.38,3.19,1.5,4.37,5.11,3.43
2021-04-23 00:00:00,SHREECEM,28106.3,51.4,63.37,30.62,36.11,4.03,8.64,4.44,6.16,4.49
2021-04-23 00:00:00,DIVISLAB,3779.75,52.51,54.68,58.84,53.66,5.96,9,4.47,6.34,4.43
2021-04-23 00:00:00,NTPC,102.55,33.18,40.55,56.41,56.97,2.98,7.13,4.38,5.89,4.05
2021-04-23 00:00:00,DABUR,559.95,58.82,61.66,56.83,41.58,3.9,8.82,4.45,6.54,4.34
2021-04-23 00:00:00,M&M,777.9,53.52,60.36,56.48,39.31,3.79,7.06,4.11,5.36,2.54
2021-04-23 00:00:00,SBILIFE,922.85,45.12,39.9,51.14,56.46,4.17,8.91,5.59,5.48,4.55
2021-04-23 00:00:00,TECHM,950.2,52.48,63.75,39.01,44.15,4.34,8.64,4.5,6.12,4.16
2021-04-23 00:00:00,BPL,29.7,44.31,34.95,31.46,41.56,2.34,7.72,4.84,5.87,4.06
2021-04-23 00:00:00,PIDILITIND,1783.9,49.18,54.19,56.37,44.28,4.16,8.67,4.54,6.73,4.53
2021-04-23 00:00:00,BRITANNIA,3650.3,63.2,69.16,49.23,29.56,3.41,6.48,4.84,6.93,3.97
2021-04-23 00:00:00,VEDL,228,56.68,51.69,55.76,52.88,3.68,7.91,4.27,6.07,3.72
2021-04-23 00:00:00,DRREDDY,5066.7,59.42,46.66,56.46,54.81,3.74,8.64,4.42,5.98,4.28
2021-04-23 00:00:00,GRASIM,1278.1,58.48,60.96,49.22,45.69,3.6,7.74,4.19,5.73,3.98
2021-04-23 00:00:00,KIOCL,145.25,51.04,46.66,57.74,41.64,3.24,7.82,4.51,5.58,4.59
2021-04-23 00:00:00,HINDALCO,349.5,63.42,58.39,56.72,43.45,3.76,7.23,4.32,5.61,4.04
2021-04-23 00:00:00,COALINDIA,126.15,47.55,50.29,58.08,47.29,4.01,8.67,4.71,6.9,4.45
2021-04-23 00:00:00,CIPLA,935.6,63.27,53.14,56.21,53.34,4.1,8.56,4.47,5.88,4.21
2021-04-23 00:00:00,ICICIPRULI,512.4,47.05,37.16,24.28,50.26,3.63,8.86,9,5.98,4.45
2021-04-23 00:00:00,GODREJCP,698.7,64.55,64.41,34.22,35.23,3.45,8.68,4.37,6.24,4.35
2021-04-23 00:00:00,BERGEPAINT,709.7,53.17,59.49,56.45,41.71,3.69,8.41,4.64,6.51,4.6
2021-04-23 00:00:00,LTI,3901.05,61.44,63.17,51.12,41.1,4.61,8.64,4.83,6.78,4.48
2021-04-23 00:00:00,INDUSTOWER,252.25,52.28,57.22,55.46,47.59,1,7.12,4.94,6.32,3.77
2021-04-23 00:00:00,MOTHERSUMI,213.6,56,37.73,55.96,55.41,3.61,7.63,4.7,5.65,4.5
2021-04-23 00:00:00,INDUSINDBK,850,45.13,46.36,58.11,45.13,5.43,4.31,4,5.57,4.01
2021-04-23 00:00:00,SIEM,1799.95,50.9,54.02,57.27,48.58,4.39,8.88,4.19,5.74,4.35
2021-04-23 00:00:00,EICHERMOT,2317.3,59.53,63.12,51.1,45.63,5.61,8.82,4.05,6.1,4.41
2021-04-23 00:00:00,HAVELLS,1005.5,52.51,52.39,54.93,46.3,4.05,7.6,4.76,6.33,4.39
2021-04-23 00:00:00,NAUKRI,4876.3,46.67,38.05,51.43,59.34,7.14,1,3.01,3.23,5.48
2021-04-23 00:00:00,ICICIGI,1381.2,53.67,50.36,55.36,47.05,3.28,8.87,4.44,6.3,4.34
2021-04-23 00:00:00,TATACUM,664.6,53.71,52.29,58.18,46.13,4.33,8.65,4.56,5.87,4.58
2021-04-23 00:00:00,HDFCAMC,2822.4,55.23,60.35,59.8,44.55,3.4,8.91,4.23,7.23,4.63
2021-04-23 00:00:00,DLF,241.95,49.38,53.52,58.14,44.87,3.54,8.35,3.9,5.39,3.32
2021-04-23 00:00:00,INDIGO,1541.85,53.32,54.19,57.44,39.3,3.92,1.2,1,1,1
2021-04-23 00:00:00,AMBUJACEM,295.2,53.24,55.4,57.09,42.43,4.07,8.77,4.4,6.04,3.99
2021-04-23 00:00:00,CADILAHC,570.9,45.6,36.52,52.08,64.17,3.58,8.23,4.32,5.86,4.31
2021-04-23 00:00:00,AUROPHARMA,993.35,50.39,40.43,35.92,62.38,3.71,8.45,4.48,6.17,4.4
2021-04-23 00:00:00,GAIL,129.4,52.82,57.97,40.56,34.38,3.54,8.5,4.28,6.2,4.05
2021-04-23 00:00:00,HEROMOTOCO,2864.05,44.84,47.23,56.93,51.63,4.06,8.77,4.53,6.33,4.1
2021-04-23 00:00:00,MARICO,411.6,59.39,57.62,49.43,41.38,3.93,8.75,4.8,7.02,4.39
2021-04-23 00:00:00,BANDHANBNK,313.45,51.05,54.11,58,50.68,5.5,5.33,4.2,5.88,4.08
2021-04-23 00:00:00,LUPIN,1076.25,39.94,50.6,56.73,56.83,3.72,8.6,4.25,5.22,4.58
2021-04-23 00:00:00,MUTHOOTFIN,1200.85,45.3,33.1,56.25,56.77,6.84,5.9,4.27,6.18,4.52
2021-04-23 00:00:00,BIOCON,397.6,65.11,64.07,37.43,37.38,3.87,8.38,4.27,5.76,4.46
2021-04-23 00:00:00,APOLLOHOSP,3200.05,55.46,42.55,52.48,52.44,3.83,7.34,4.51,5.64,4.8
2021-04-23 00:00:00,CHOLAFIN,555.95,56.5,46.05,55.35,57.34,9,4.64,4.12,5.68,4.52
2021-04-23 00:00:00,UPL,585.4,57.64,62.35,56.48,43.17,3.96,7.23,4.46,5.93,4.73
2021-04-23 00:00:00,JINDALSTEL,437.05,58.87,37.26,41.21,62.27,3.38,7.78,4.59,5.94,6.13
2021-04-23 00:00:00,PGHH,13622.75,53.56,62.4,56.07,53.05,4.64,8.91,5.07,7.54,4.68
2021-04-23 00:00:00,TORNTPOWER,394,45.65,49.65,56.3,46.78,3.53,7.99,4.39,6.19,4.18
2021-04-23 00:00:00,COLPAL,1514.1,55.92,60.26,44.6,43.81,4.1,8.79,4.97,7.91,4.14
2021-04-23 00:00:00,NMDC,138.65,57.61,52.35,57.24,46.49,5.08,8.83,4.11,5.98,4.11
2021-04-23 00:00:00,BOSCHLTD,13538.65,48.71,52.74,57.25,44.49,3.96,8.89,4.08,5.72,6.02
2021-04-23 00:00:00,SAIL,93.1,48.75,41.47,57.85,57.38,3.28,7.51,4.41,5.86,4.05
2021-04-23 00:00:00,PIIND,2522.55,65.88,44.2,55.87,54.82,4.78,8.02,4.64,6.3,5.11
2021-04-23 00:00:00,HONAUT,43119.45,50.22,47.22,58.12,43.4,4.77,8.85,4.52,6.7,4.68
2021-04-23 00:00:00,BAJAJHLDNG,3410.6,46.33,37.14,58.51,59.9,4.85,8.9,4.12,5.87,4.1
2021-04-23 00:00:00,MCDOWELL-N,522.15,45.16,46.47,56.35,47.52,3.42,8.44,4.27,5.87,4.86
2021-04-23 00:00:00,GUJGASLTD,545.5,63.98,42.19,57.78,53.13,3.65,8.38,4.91,7.33,4.72
2021-04-23 00:00:00,JUBLFOOD,2844.65,57.84,47.42,57.16,54.94,4.07,7.15,4.48,6.48,5.02
2021-04-23 00:00:00,PEL,1647.25,59.03,58.37,56.19,44.87,3.76,7.25,3.99,5.28,5.72
2021-04-23 00:00:00,SRF,6170.9,48.32,46.81,57.68,54.3,3.53,7.91,4.48,6.37,4.36
