Reliance Industr,2.2,1.1,3.6,4.1,1.9,2.8,3.7,60.5,50,12.1,47.9,52.1,10
TCS,1.7,1.1,3.3,1.9,1.7,3.1,2.3,45.8,62.6,45.8,90,68.9,12.1
HDFC Bank,2.5,1.2,3.8,3.1,2.1,2.6,2.4,47.9,64.7,37.4,37.4,43.7,12.1
Infosys,2.5,1.2,3.6,2.2,2.3,2.8,2.6,50,41.6,20.5,37.4,43.7,16.3
Hind. Unilever,2.1,1.3,2.1,1.9,2.4,4.3,1.4,20.5,39.5,54.2,45.8,47.9,28.9
H D F C,2,1.3,3.7,3.7,1.6,2.2,3.2,58.4,71.1,47.9,37.4,43.7,14.2
ICICI Bank,3.6,1.3,3.7,3.7,2.8,2.6,2.9,50,43.7,24.7,37.4,43.7,31.1
Kotak Mah. Bank,2.3,1.4,3.4,2.8,2.2,2.8,1.8,45.8,68.9,31.1,37.4,43.7,24.7
St Bk of India,4.1,1.4,4.4,4.6,2.7,2.7,4.4,47.9,28.9,31.1,37.4,43.7,35.3
Bharti Airtel,3.7,1.4,1.7,2.8,4.8,2.3,3.6,81.6,75.3,18.4,10,10,85.8
Bajaj Finance,1.4,1.5,2.1,2.3,1.9,3.1,1.8,41.6,56.3,62.6,37.4,43.7,35.3
HCL Technologies,2.9,1.5,4.2,2.9,2.1,2.1,3.3,68.9,62.6,39.5,16.3,24.7,20.5
ITC,4.5,1.6,4.2,3.2,3.7,1.9,2.7,66.8,54.2,26.8,71.1,73.2,16.3
Asian Paints,1.9,1.6,1.9,1.4,2.6,4.5,1.5,18.4,58.4,71.1,64.7,62.6,43.7
Wipro,3.9,1.6,3.9,3.5,3.1,2.2,3.2,64.7,75.3,26.8,54.2,50,20.5
Maruti Suzuki,1.3,1.7,2.9,3.3,1.4,3.6,3.4,43.7,87.9,58.4,16.3,14.2,24.7
Axis Bank,3.5,1.7,2.3,4,3.8,2.9,3.5,45.8,52.1,35.3,37.4,43.7,31.1
Larsen & Toubro,2.6,1.8,4.4,3.8,1.8,1.6,4.1,73.2,47.9,52.1,43.7,20.5,18.4
UltraTech Cem.,1.4,1.8,3.7,3,1.2,3,2.9,54.2,24.7,50,58.4,56.3,43.7
Avenue Super.,1.9,1.8,1.3,1.6,3.4,4.7,2.1,12.1,52.1,35.3,37.4,18.4,64.7
Adani Green,2.7,1.9,1.2,1.1,4.5,4.7,1.2,14.2,26.8,24.7,87.9,90,85.8
Nestle India,1.2,1.9,2,1.1,1.3,4.3,1.6,20.5,66.8,68.9,54.2,54.2,50
Bajaj Finserv,1.3,1.9,3.1,3.1,1.3,2.1,3.8,62.6,26.8,75.3,37.4,43.7,28.9
JSW Steel,3.5,2,2.5,3.4,3.2,2.5,3.9,68.9,12.1,52.1,62.6,58.4,22.6
Sun Pharma.Inds.,3.6,2,3.4,3.6,3.7,2.9,2.9,54.2,37.4,52.1,83.7,83.7,41.6
Adani Ports,3.3,2.1,3.2,2.7,2.9,3,1.5,52.1,14.2,41.6,79.5,83.7,37.4
HDFC Life Insur.,3.4,2.1,1.7,1.5,4.2,4.6,3.7,14.2,47.9,20.5,37.4,43.7,68.9
Titan Company,2.4,2.1,1.3,1.4,4,4.7,2.2,14.2,37.4,73.2,73.2,71.1,56.3
O N G C,4.7,2.2,4.5,4.9,4.6,1.5,4.9,87.9,54.2,14.2,43.7,45.8,10
Hindustan Zinc,4.3,2.2,4.2,3.6,3.2,1.8,2.4,73.2,35.3,33.2,85.8,81.6,24.7
Adani Enterp.,2.8,2.3,1.4,2.5,4.2,4.4,3.6,22.6,10,64.7,37.4,16.3,83.7
Adani Total Gas,2.8,2.3,1.2,1.2,4.4,4.8,1.1,10,10,64.7,14.2,43.7,83.7
Shree Cement,1.1,2.3,2.6,2.4,1.1,3.7,2,41.6,20.5,83.7,71.1,75.3,73.2
Power Grid Corpn,4.5,2.4,4.7,4.3,2.8,1.4,3.7,83.7,43.7,14.2,85.8,85.8,26.8
Tata Motors,4.2,2.4,1.7,4.2,4.9,4.9,4.8,79.5,20.5,35.3,52.1,52.1,90
Tata Steel,3.2,2.4,2.6,4.3,4.7,2,4.6,77.4,18.4,26.8,73.2,75.3,16.3
Bajaj Auto,1.6,2.5,4,3.1,1.4,2.4,3.1,58.4,45.8,50,14.2,14.2,33.2
M & M,3.2,2.5,2.7,3.9,4.7,2.6,4.2,68.9,52.1,37.4,50,45.8,26.8
Dabur India,3.7,2.6,2.4,1.8,3.9,4,1.7,24.7,41.6,54.2,68.9,66.8,60.5
Adani Transmissi,3,2.6,1.8,2,3.8,3.3,1.8,43.7,12.1,28.9,41.6,90,75.3
Divi's Lab.,1.6,2.6,2.7,2,1.9,3.7,1.3,31.1,47.9,79.5,81.6,81.6,58.4
NTPC,4.7,2.7,4.8,4.8,3.6,1.3,4.6,83.7,50,10,45.8,22.6,22.6
Tech Mahindra,2.9,2.7,3.9,3.4,2.3,2.4,3.8,66.8,64.7,41.6,58.4,62.6,35.3
Grasim Inds,2.6,2.8,4.1,4.4,2,1.6,4.2,81.6,14.2,60.5,56.3,54.2,37.4
Pidilite Inds.,2.2,2.8,1.8,1.5,3,4.5,1.4,16.3,45.8,79.5,56.3,58.4,66.8
Britannia Inds.,1.6,2.8,2.8,1.3,1.8,3.5,2.3,35.3,39.5,85.8,39.5,20.5,60.5
SBI Life Insuran,3.1,2.9,2.4,2.2,3.5,4.1,4.2,20.5,56.3,28.9,37.4,43.7,62.6
B P C L,4,2.9,4.4,4,3.1,1.7,4.8,79.5,60.5,22.6,39.5,20.5,20.5
SBI Cards,3.1,2.9,1.8,1.7,3.9,3.9,1.9,26.8,73.2,31.1,37.4,43.7,66.8
I O C L,4.8,3,4.9,4.8,4.3,1.5,4.9,83.7,87.9,12.1,47.9,52.1,14.2
Vedanta,4.4,3,4.7,4.4,4.8,1.1,4.5,90,20.5,45.8,62.6,54.2,18.4
Dr Reddy's Labs,1.4,3.1,3.2,2.9,1.5,3.2,3.1,47.9,79.5,75.3,77.4,79.5,52.1
Coal India,4.6,3.1,4.9,4.1,2.9,1.1,4.6,90,83.7,14.2,85.8,85.8,14.2
Hindalco Inds.,4.1,3.1,3.5,4.5,3.7,2.1,4.7,75.3,16.3,54.2,60.5,56.3,31.1
Godrej Consumer,3.4,3.2,2.9,2.3,3.3,3.4,2.3,37.4,75.3,66.8,66.8,62.6,54.2
L & T Infotech,1.5,3.2,3.1,2.1,1.5,3.3,2.5,41.6,73.2,87.9,37.4,43.7,56.3
Cipla,3.1,3.2,3.5,3.3,2.6,2.9,3.2,58.4,35.3,56.3,79.5,79.5,54.2
Berger Paints,3.3,3.3,1.5,1.4,4.2,4.6,1.7,16.3,77.4,68.9,66.8,64.7,75.3
Eicher Motors,2.1,3.3,2.4,2.6,2.3,3.7,2,35.3,85.8,85.8,41.6,16.3,45.8
IndusInd Bank,3.2,3.4,3.6,4.2,2.5,2.3,3.9,56.3,79.5,33.2,37.4,43.7,39.5
Motherson Sumi,4.4,3.4,1.4,2.7,4.5,4.1,4.3,56.3,16.3,47.9,45.8,18.4,45.8
Indus Towers,4.4,3.4,4.1,2.9,3.4,2.4,2.1,71.1,62.6,18.4,37.4,43.7,41.6
ICICI Pru Life,3.9,3.5,2.4,2.5,4.1,4.2,4.4,18.4,79.5,24.7,37.4,43.7,68.9
Havells India,2.9,3.5,2.2,1.8,3.4,4.1,2.4,24.7,41.6,77.4,64.7,58.4,71.1
DLF,4.3,3.6,1.7,4.2,4.7,3.9,1.6,28.9,77.4,39.5,90,90,79.5
Siemens,2.3,3.6,2,2.6,2.8,4.2,2.5,24.7,33.2,75.3,58.4,50,62.6
ICICI Lombard,2.6,3.6,3,2.3,2.5,3.4,2.7,33.2,83.7,41.6,37.4,43.7,62.6
Interglobe Aviat,2.4,3.7,1.7,1.2,4.9,4.9,3.3,12.1,58.4,45.8,12.1,10,85.8
GAIL (India),4.6,3.7,4.8,4.6,3,1.3,4.5,85.8,60.5,16.3,14.2,14.2,26.8
Tata Consumer,3.4,3.7,2.1,3.2,4.1,3.9,2.6,31.1,31.1,71.1,62.6,66.8,75.3
HDFC AMC,1.8,3.8,2.8,1.6,2,3.6,1.3,31.1,85.8,64.7,37.4,43.7,64.7
Ambuja Cements,4.2,3.8,3.9,3.9,3.6,1.8,3.9,75.3,26.8,43.7,52.1,60.5,39.5
Info Edg.(India),1.5,3.9,1.1,1.9,1.6,4.8,1.2,10,81.6,62.6,10,12.1,77.4
Hero Motocorp,1.8,3.9,4,3.4,1.4,2.3,4.1,64.7,83.7,81.6,16.3,12.1,37.4
Marico,3.9,3.9,2.8,1.7,4,3.5,2.1,35.3,45.8,60.5,68.9,71.1,68.9
Bandhan Bank,4.2,4,4.1,3.6,3.2,1.9,3,64.7,81.6,22.6,37.4,43.7,47.9
Aurobindo Pharma,3,4,4.3,3.8,1.6,1.7,4,75.3,66.8,79.5,79.5,79.5,47.9
Cadila Health.,3.8,4.1,3.8,3.2,3.1,2.7,3.4,60.5,54.2,66.8,75.3,73.2,50
Biocon,4.1,4.1,1.9,2.6,4.3,4.2,2.2,37.4,85.8,37.4,75.3,64.7,71.1
Muthoot Finance,2.7,4.1,4.5,3.7,1.7,1.4,3,73.2,68.9,43.7,12.1,43.7,45.8
Lupin,2.8,4.2,3,3.5,2.7,3.2,3.6,54.2,71.1,73.2,77.4,77.4,64.7
UPL,3.6,4.2,4.3,3.9,2.4,1.8,4.3,79.5,22.6,58.4,68.9,73.2,58.4
P & G Hygiene,1.3,4.2,2.3,1.3,1.3,4,1.4,22.6,22.6,83.7,50,45.8,79.5
Cholaman.Inv.&Fn,3.7,4.3,3.4,2.8,3.3,2,2.8,62.6,18.4,56.3,37.4,43.7,58.4
Torrent Pharma.,1.9,4.3,3.3,2.4,1.8,3.1,2.6,52.1,75.3,73.2,83.7,83.7,79.5
Apollo Hospitals,1.8,4.4,1.1,1.8,3.5,4.6,3.1,26.8,24.7,77.4,41.6,22.6,83.7
Colgate-Palmoliv,2.4,4.4,2.9,1.3,2.4,3.4,1.9,37.4,58.4,85.8,47.9,47.9,73.2
Jindal Steel,4,4.4,4.6,4.4,2.9,1.2,4.4,87.9,14.2,68.9,60.5,60.5,87.9
Gland Pharma,2,4.5,2.6,2.1,2.1,3.8,1.3,28.9,28.9,87.9,83.7,75.3,77.4
Bosch,1.2,4.5,2.2,3,2.6,3.6,2.8,39.5,68.9,83.7,54.2,47.9,52.1
NMDC,4.6,4.6,4.6,4.5,3.6,1.2,3.4,85.8,31.1,47.9,87.9,85.8,33.2
IDBI Bank,4.8,4.6,3.1,4.7,4.6,2.5,4,52.1,24.7,10,37.4,43.7,87.9
Piramal Enterp.,2.3,4.6,1.3,4.6,3.9,1.4,3.6,77.4,33.2,81.6,73.2,68.9,54.2
United Spirits,3.8,4.7,1.4,2.1,4.4,4.4,2.8,26.8,90,58.4,75.3,79.5,73.2
Honeywell Auto,1.1,4.7,1.9,1.6,1.1,4.4,1.6,16.3,35.3,90,18.4,16.3,81.6
S A I L,4.7,4.7,4.7,4.7,4.1,1.3,4.7,85.8,16.3,16.3,81.6,68.9,41.6
P I Industries,2.1,4.8,2.5,2.5,2.2,3.8,1.9,33.2,31.1,90,64.7,64.7,81.6
Bajaj Holdings,1.7,4.8,4.6,4.7,1.2,1.6,1.1,71.1,37.4,62.6,52.1,90,47.9
Yes Bank,4.9,4.9,1.7,4.2,4.4,3.2,4.1,39.5,90,16.3,37.4,43.7,52.1
Punjab Natl.Bank,4.9,4.9,3.2,4.9,4.6,1.9,4.8,62.6,64.7,20.5,37.4,43.7,90
